[gd_scene load_steps=4 format=3]

[ext_resource type="Script" path="res://scripts/Core/World.cs" id="1"]

[sub_resource type="PlaneMesh" id="ground_mesh"]
size = Vector2(1000, 1000)

[sub_resource type="StandardMaterial3D" id="ground_mat"]
albedo_color = Color(0.25, 0.4, 0.15, 1)

[node name="World" type="Node3D"]
script = ExtResource("1")

[node name="Ground" type="MeshInstance3D" parent="."]
mesh = SubResource("ground_mesh")
surface_material_override/0 = SubResource("ground_mat")

[node name="Sun" type="DirectionalLight3D" parent="."]
transform = Transform3D(1, 0, 0, 0, 0.866, 0.5, 0, -0.5, 0.866, 0, 30, 0)
light_energy = 1.4
shadow_enabled = true
light_color = Color(1, 0.95, 0.85, 1)

[node name="FillLight" type="DirectionalLight3D" parent="."]
transform = Transform3D(-1, 0, 0, 0, 0.5, -0.866, 0, -0.866, -0.5, 0, 20, 0)
light_energy = 0.3
shadow_enabled = false
light_color = Color(0.7, 0.8, 1, 1)

[node name="FallbackCamera" type="Camera3D" parent="."]
transform = Transform3D(1, 0, 0, 0, 0.866, 0.5, 0, -0.5, 0.866, 0, 15, 20)
current = true
fov = 50.0
